[history/.dummy_history]
version = 9.0.4.1
modtime = 1682993934.492594000

[ui-tour/search-tour]
version = 9.0.4.1
modtime = 1682993937.476728000
